kinematics:
  shoulder:
    x: 0
    y: 0
    z: 0.1625013746067809
    roll: -0
    pitch: 0
    yaw: -3.257470024766408e-07
  upper_arm:
    x: 0.0001382460066177803
    y: 0
    z: 0
    roll: 1.569941044061436
    pitch: 0
    yaw: -9.436101903574864e-07
  forearm:
    x: -0.4250492566521701
    y: 0
    z: 0
    roll: 3.14060385958769
    pitch: 3.139398626214665
    yaw: -3.141572604644273
  wrist_1:
    x: -0.3926527330994206
    y: -0.0007437109547162714
    z: 0.1320463328558742
    roll: 0.005632137408667301
    pitch: -0.005546147356422543
    yaw: 8.290467269896181e-06
  wrist_2:
    x: 0.0001539475192134983
    y: -0.09971730608330134
    z: 3.346286424975862e-05
    roll: 1.570460749508385
    pitch: 0
    yaw: -7.347294929617481e-07
  wrist_3:
    x: -3.683758669314554e-05
    y: 0.09964574130290625
    z: 0.000154988575180677
    roll: 1.572351721417573
    pitch: 3.141592653589793
    yaw: 3.141592587199512
  hash: calib_6018947064229977747